1 1 1332 285 72 57 -1 -1 -1 -1 
1 2 1200 282 41 24 -1 -1 -1 -1 
1 3 707 294 52 23 -1 -1 -1 -1 
2 1 1332 285 72 57 -1 -1 -1 -1 
2 2 1197 282 37 24 -1 -1 -1 -1 
2 3 696 294 54 25 -1 -1 -1 -1 
3 1 1331 286 72 58 -1 -1 -1 -1 
3 2 1197 284 45 19 -1 -1 -1 -1 
3 3 689 294 58 24 -1 -1 -1 -1 
4 1 1332 292 73 46 -1 -1 -1 -1 
4 2 1195 284 41 19 -1 -1 -1 -1 
4 3 670 293 55 21 -1 -1 -1 -1 
5 1 1335 288 76 62 -1 -1 -1 -1 
5 2 1195 286 41 23 -1 -1 -1 -1 
5 3 661 297 54 27 -1 -1 -1 -1 
6 1 1334 288 76 62 -1 -1 -1 -1 
6 2 1195 284 41 19 -1 -1 -1 -1 
6 3 651 298 54 27 -1 -1 -1 -1 
7 1 1337 285 80 67 -1 -1 -1 -1 
7 2 1195 284 41 19 -1 -1 -1 -1 
7 3 641 256 60 25 -1 -1 -1 -1 
8 1 1337 288 81 62 -1 -1 -1 -1 
8 2 1195 287 42 24 -1 -1 -1 -1 
8 3 626 302 58 23 -1 -1 -1 -1 
9 1 1328 284 88 64 -1 -1 -1 -1 
9 2 1195 284 41 19 -1 -1 -1 -1 
9 3 616 350 82 24 -1 -1 -1 -1 
10 1 1331 284 74 65 -1 -1 -1 -1 
10 2 1193 282 45 23 -1 -1 -1 -1 
10 3 603 302 57 34 -1 -1 -1 -1 
11 1 1330 284 75 65 -1 -1 -1 -1 
11 2 1193 284 37 19 -1 -1 -1 -1 
11 3 580 302 58 31 -1 -1 -1 -1 
12 1 1328 284 79 65 -1 -1 -1 -1 
12 2 1195 284 41 19 -1 -1 -1 -1 
12 3 579 304 58 22 -1 -1 -1 -1 
13 1 1330 287 75 61 -1 -1 -1 -1 
13 2 1195 284 41 19 -1 -1 -1 -1 
13 3 566 307 56 26 -1 -1 -1 -1 
13 4 1094 274 5 5 -1 -1 -1 -1 
14 1 1327 284 81 65 -1 -1 -1 -1 
14 2 1195 284 41 19 -1 -1 -1 -1 
14 3 545 307 54 38 -1 -1 -1 -1 
15 1 1329 285 86 65 -1 -1 -1 -1 
15 2 1195 284 41 19 -1 -1 -1 -1 
15 3 528 307 53 36 -1 -1 -1 -1 
15 4 1082 276 18 10 -1 -1 -1 -1 
16 1 1326 285 83 65 -1 -1 -1 -1 
16 2 1193 284 36 19 -1 -1 -1 -1 
16 3 518 308 58 52 -1 -1 -1 -1 
16 4 1076 276 22 10 -1 -1 -1 -1 
17 1 1327 287 79 62 -1 -1 -1 -1 
17 2 1193 284 37 19 -1 -1 -1 -1 
17 3 504 311 58 40 -1 -1 -1 -1 
17 4 1074 278 18 14 -1 -1 -1 -1 
18 1 1325 289 86 65 -1 -1 -1 -1 
18 2 1195 284 32 19 -1 -1 -1 -1 
18 3 483 318 53 51 -1 -1 -1 -1 
18 4 1065 283 27 14 -1 -1 -1 -1 
19 1 1331 290 82 67 -1 -1 -1 -1 
19 2 1197 284 28 19 -1 -1 -1 -1 
19 3 467 319 61 34 -1 -1 -1 -1 
19 4 1054 283 22 14 -1 -1 -1 -1 
20 1 1331 290 79 67 -1 -1 -1 -1 
20 2 1197 284 28 19 -1 -1 -1 -1 
20 3 445 324 56 57 -1 -1 -1 -1 
20 4 1048 285 27 19 -1 -1 -1 -1 
21 1 1331 291 77 68 -1 -1 -1 -1 
21 2 1197 282 37 14 -1 -1 -1 -1 
21 3 430 329 54 47 -1 -1 -1 -1 
21 4 1039 287 35 15 -1 -1 -1 -1 
22 1 1331 291 81 68 -1 -1 -1 -1 
22 2 1197 284 37 19 -1 -1 -1 -1 
22 3 416 329 46 61 -1 -1 -1 -1 
22 4 1027 288 33 15 -1 -1 -1 -1 
23 1 1330 290 86 68 -1 -1 -1 -1 
23 2 1199 284 32 19 -1 -1 -1 -1 
23 3 402 332 46 62 -1 -1 -1 -1 
23 4 1020 283 41 32 -1 -1 -1 -1 
24 1 1328 291 82 68 -1 -1 -1 -1 
24 2 1195 284 32 19 -1 -1 -1 -1 
24 3 396 335 30 64 -1 -1 -1 -1 
24 4 1001 295 38 29 -1 -1 -1 -1 
25 1 1313 291 92 60 -1 -1 -1 -1 
25 2 1197 284 28 19 -1 -1 -1 -1 
25 3 359 349 41 62 -1 -1 -1 -1 
25 4 998 289 49 45 -1 -1 -1 -1 
26 1 1329 293 88 64 -1 -1 -1 -1 
26 2 1195 282 32 14 -1 -1 -1 -1 
26 3 338 351 38 79 -1 -1 -1 -1 
26 4 969 301 51 34 -1 -1 -1 -1 
27 1 1321 291 77 61 -1 -1 -1 -1 
27 2 1202 284 28 19 -1 -1 -1 -1 
27 4 959 293 59 54 -1 -1 -1 -1 
27 5 1097 283 27 15 -1 -1 -1 -1 
27 6 1504 269 95 33 -1 -1 -1 -1 
28 1 1317 289 77 65 -1 -1 -1 -1 
28 2 1202 287 36 23 -1 -1 -1 -1 
28 3 294 374 37 87 -1 -1 -1 -1 
28 4 934 294 62 64 -1 -1 -1 -1 
28 5 1091 283 31 15 -1 -1 -1 -1 
28 6 1513 270 96 34 -1 -1 -1 -1 
29 1 1315 288 81 63 -1 -1 -1 -1 
29 2 1197 285 27 19 -1 -1 -1 -1 
29 3 272 385 33 93 -1 -1 -1 -1 
29 4 907 296 71 70 -1 -1 -1 -1 
29 5 1085 281 31 10 -1 -1 -1 -1 
29 6 1523 270 104 34 -1 -1 -1 -1 
30 1 1313 289 84 64 -1 -1 -1 -1 
30 2 1201 280 28 10 -1 -1 -1 -1 
30 3 252 388 31 138 -1 -1 -1 -1 
30 4 866 299 81 85 -1 -1 -1 -1 
30 5 1081 281 30 10 -1 -1 -1 -1 
30 6 1533 270 100 35 -1 -1 -1 -1 
31 1 1314 290 81 59 -1 -1 -1 -1 
31 2 1202 284 19 10 -1 -1 -1 -1 
31 3 230 409 23 159 -1 -1 -1 -1 
31 4 813 305 96 98 -1 -1 -1 -1 
31 5 1071 281 32 10 -1 -1 -1 -1 
31 6 1540 271 108 37 -1 -1 -1 -1 
32 1 1325 291 82 60 -1 -1 -1 -1 
32 2 1199 282 23 14 -1 -1 -1 -1 
32 3 220 450 6 130 -1 -1 -1 -1 
32 4 753 310 101 121 -1 -1 -1 -1 
32 5 1065 283 36 14 -1 -1 -1 -1 
32 6 1548 272 111 40 -1 -1 -1 -1 
33 1 1322 291 74 59 -1 -1 -1 -1 
33 2 1202 280 28 19 -1 -1 -1 -1 
33 3 190 499 5 155 -1 -1 -1 -1 
33 4 679 319 101 155 -1 -1 -1 -1 
33 5 1057 283 36 14 -1 -1 -1 -1 
33 6 1562 275 114 45 -1 -1 -1 -1 
34 1 1318 288 71 63 -1 -1 -1 -1 
34 2 1202 280 28 19 -1 -1 -1 -1 
34 3 166 571 4 194 -1 -1 -1 -1 
34 4 588 337 95 197 -1 -1 -1 -1 
34 5 1048 283 42 14 -1 -1 -1 -1 
34 6 1577 275 120 47 -1 -1 -1 -1 
35 1 1321 288 75 63 -1 -1 -1 -1 
35 2 1199 282 23 23 -1 -1 -1 -1 
35 3 138 720 2 244 -1 -1 -1 -1 
35 4 439 375 75 311 -1 -1 -1 -1 
35 5 1041 283 43 23 -1 -1 -1 -1 
35 6 1590 278 118 42 -1 -1 -1 -1 
36 1 1314 287 72 61 -1 -1 -1 -1 
36 2 1204 280 23 19 -1 -1 -1 -1 
36 3 104 1115 0 213 -1 -1 -1 -1 
36 4 285 482 46 606 -1 -1 -1 -1 
36 5 1033 289 43 27 -1 -1 -1 -1 
36 6 1601 278 124 52 -1 -1 -1 -1 
37 1 1314 287 73 60 -1 -1 -1 -1 
37 2 1202 282 27 24 -1 -1 -1 -1 
37 4 98 324 1 2080 -1 -1 -1 -1 
37 5 1022 284 48 27 -1 -1 -1 -1 
37 6 1616 279 126 54 -1 -1 -1 -1 
38 1 1313 286 73 60 -1 -1 -1 -1 
38 2 1206 278 19 14 -1 -1 -1 -1 
38 4 2251 -16 25 872 -1 -1 -1 -1 
38 5 1007 284 51 45 -1 -1 -1 -1 
38 6 1638 277 129 60 -1 -1 -1 -1 
39 1 1309 285 70 56 -1 -1 -1 -1 
39 2 1206 278 19 14 -1 -1 -1 -1 
39 3 2275 -67 4 196 -1 -1 -1 -1 
39 5 990 286 53 48 -1 -1 -1 -1 
39 6 1662 277 147 63 -1 -1 -1 -1 
40 1 1309 285 73 57 -1 -1 -1 -1 
40 2 1206 278 27 14 -1 -1 -1 -1 
40 5 971 288 59 53 -1 -1 -1 -1 
40 6 1693 279 139 69 -1 -1 -1 -1 
41 1 1312 287 72 60 -1 -1 -1 -1 
41 2 1206 280 28 19 -1 -1 -1 -1 
41 5 946 294 70 56 -1 -1 -1 -1 
41 6 1718 282 142 76 -1 -1 -1 -1 
42 1 1312 287 70 60 -1 -1 -1 -1 
42 2 1206 282 28 14 -1 -1 -1 -1 
42 5 913 299 74 66 -1 -1 -1 -1 
42 6 1737 284 144 81 -1 -1 -1 -1 
43 1 1312 287 69 60 -1 -1 -1 -1 
43 2 1206 282 19 14 -1 -1 -1 -1 
43 5 881 302 75 80 -1 -1 -1 -1 
43 6 1775 288 138 88 -1 -1 -1 -1 
44 1 1313 286 71 59 -1 -1 -1 -1 
44 2 1204 280 23 18 -1 -1 -1 -1 
44 5 829 307 78 93 -1 -1 -1 -1 
44 6 1809 290 139 96 -1 -1 -1 -1 
45 1 1312 287 76 60 -1 -1 -1 -1 
45 2 1204 282 23 14 -1 -1 -1 -1 
45 5 764 316 105 111 -1 -1 -1 -1 
45 6 1849 295 133 108 -1 -1 -1 -1 
46 1 1312 287 80 60 -1 -1 -1 -1 
46 2 1206 280 28 18 -1 -1 -1 -1 
46 5 688 331 101 142 -1 -1 -1 -1 
46 6 1901 301 132 123 -1 -1 -1 -1 
47 1 1310 286 80 59 -1 -1 -1 -1 
47 2 1206 282 19 14 -1 -1 -1 -1 
47 5 571 354 90 201 -1 -1 -1 -1 
47 6 1952 312 123 132 -1 -1 -1 -1 
48 1 1309 287 84 60 -1 -1 -1 -1 
48 2 1208 280 14 9 -1 -1 -1 -1 
48 5 410 409 76 317 -1 -1 -1 -1 
48 6 2005 314 109 175 -1 -1 -1 -1 
49 1 1307 289 93 56 -1 -1 -1 -1 
49 2 1204 282 23 14 -1 -1 -1 -1 
49 5 210 563 34 711 -1 -1 -1 -1 
49 6 2063 332 95 205 -1 -1 -1 -1 
50 1 1313 290 76 58 -1 -1 -1 -1 
50 2 1206 282 19 14 -1 -1 -1 -1 
50 5 2320 -80 6 1346 -1 -1 -1 -1 
50 6 2135 364 42 291 -1 -1 -1 -1 
51 1 1313 291 73 59 -1 -1 -1 -1 
51 2 1206 282 19 14 -1 -1 -1 -1 
51 5 2214 -79 32 540 -1 -1 -1 -1 
51 6 2220 431 29 479 -1 -1 -1 -1 
52 1 1314 291 74 59 -1 -1 -1 -1 
52 2 1208 280 23 9 -1 -1 -1 -1 
52 6 2296 539 14 865 -1 -1 -1 -1 
53 1 1313 291 69 59 -1 -1 -1 -1 
53 2 1206 282 10 14 -1 -1 -1 -1 
53 6 113 -41 7 1289 -1 -1 -1 -1 
54 1 1314 290 69 58 -1 -1 -1 -1 
54 2 1206 285 19 9 -1 -1 -1 -1 
54 6 169 57 29 687 -1 -1 -1 -1 
55 1 1313 289 68 56 -1 -1 -1 -1 
55 2 1206 282 19 14 -1 -1 -1 -1 
55 7 2191 296 2 66 -1 -1 -1 -1 
56 1 1311 290 65 57 -1 -1 -1 -1 
56 2 1206 280 10 9 -1 -1 -1 -1 
56 7 2217 305 2 80 -1 -1 -1 -1 
57 1 1313 288 68 62 -1 -1 -1 -1 
57 2 1204 285 14 9 -1 -1 -1 -1 
58 1 1311 291 65 59 -1 -1 -1 -1 
58 2 1204 282 23 14 -1 -1 -1 -1 
58 7 2283 378 1 212 -1 -1 -1 -1 
59 1 1312 294 66 56 -1 -1 -1 -1 
59 2 1206 280 18 9 -1 -1 -1 -1 
59 7 2316 452 1 326 -1 -1 -1 -1 
60 1 1312 294 66 56 -1 -1 -1 -1 
60 2 1204 280 14 9 -1 -1 -1 -1 
60 7 107 -133 0 641 -1 -1 -1 -1 
61 1 1313 292 65 52 -1 -1 -1 -1 
61 2 1206 280 18 9 -1 -1 -1 -1 
61 7 149 119 2 242 -1 -1 -1 -1 
62 1 1313 298 66 39 -1 -1 -1 -1 
62 2 1206 280 10 9 -1 -1 -1 -1 
62 7 191 177 3 142 -1 -1 -1 -1 
63 1 1312 294 65 56 -1 -1 -1 -1 
63 2 1204 280 23 9 -1 -1 -1 -1 
64 1 1312 300 64 43 -1 -1 -1 -1 
64 2 1202 282 19 14 -1 -1 -1 -1 
65 1 1305 297 63 40 -1 -1 -1 -1 
65 2 1206 282 19 5 -1 -1 -1 -1 
66 1 1306 291 63 51 -1 -1 -1 -1 
66 2 1204 280 14 9 -1 -1 -1 -1 
67 1 1303 288 61 54 -1 -1 -1 -1 
67 2 1204 274 14 6 -1 -1 -1 -1 
68 1 1305 294 66 41 -1 -1 -1 -1 
68 2 1202 280 19 9 -1 -1 -1 -1 
69 1 1302 297 62 39 -1 -1 -1 -1 
69 2 1204 278 14 5 -1 -1 -1 -1 
70 1 1302 295 63 36 -1 -1 -1 -1 
70 2 1202 278 10 5 -1 -1 -1 -1 
71 1 1302 290 62 51 -1 -1 -1 -1 
71 2 1204 276 14 1 -1 -1 -1 -1 
72 1 1301 291 63 51 -1 -1 -1 -1 
72 2 1208 278 23 5 -1 -1 -1 -1 
73 1 1307 293 64 54 -1 -1 -1 -1 
73 2 1206 278 10 5 -1 -1 -1 -1 
74 1 1308 292 63 52 -1 -1 -1 -1 
74 2 1204 278 14 5 -1 -1 -1 -1 
75 1 1307 290 64 57 -1 -1 -1 -1 
75 2 1199 278 14 14 -1 -1 -1 -1 
76 1 1307 289 64 55 -1 -1 -1 -1 
76 2 1203 276 6 10 -1 -1 -1 -1 
77 1 1307 290 64 56 -1 -1 -1 -1 
77 2 1199 278 14 14 -1 -1 -1 -1 
78 1 1307 289 64 55 -1 -1 -1 -1 
78 2 1204 278 14 14 -1 -1 -1 -1 
79 1 1307 290 66 56 -1 -1 -1 -1 
80 1 1308 292 66 53 -1 -1 -1 -1 
80 2 1202 278 10 14 -1 -1 -1 -1 
81 1 1308 291 65 52 -1 -1 -1 -1 
81 2 1202 278 19 14 -1 -1 -1 -1 
82 1 1308 298 65 39 -1 -1 -1 -1 
82 2 1202 278 9 14 -1 -1 -1 -1 
83 1 1308 296 66 34 -1 -1 -1 -1 
83 2 1206 280 10 9 -1 -1 -1 -1 
84 1 1306 289 65 55 -1 -1 -1 -1 
84 2 1204 276 14 10 -1 -1 -1 -1 
85 1 1307 289 69 55 -1 -1 -1 -1 
85 2 1202 278 9 14 -1 -1 -1 -1 
86 1 1308 291 62 51 -1 -1 -1 -1 
86 2 1202 278 10 5 -1 -1 -1 -1 
87 1 1310 293 62 54 -1 -1 -1 -1 
87 2 1208 274 14 5 -1 -1 -1 -1 
88 1 1310 291 59 51 -1 -1 -1 -1 
88 2 1204 278 5 6 -1 -1 -1 -1 
89 1 1310 289 61 47 -1 -1 -1 -1 
89 2 1204 276 4 1 -1 -1 -1 -1 
90 1 1309 291 64 51 -1 -1 -1 -1 
91 1 1310 291 61 51 -1 -1 -1 -1 
92 1 1311 290 65 56 -1 -1 -1 -1 
93 1 1311 289 67 56 -1 -1 -1 -1 
93 2 1202 276 19 10 -1 -1 -1 -1 
94 1 1310 289 62 56 -1 -1 -1 -1 
94 2 1204 278 14 14 -1 -1 -1 -1 
94 8 1114 278 9 5 -1 -1 -1 -1 
95 1 1311 289 63 56 -1 -1 -1 -1 
95 2 1204 278 14 14 -1 -1 -1 -1 
95 8 1107 276 5 1 -1 -1 -1 -1 
96 1 1310 289 64 56 -1 -1 -1 -1 
96 2 1202 274 18 5 -1 -1 -1 -1 
96 8 1105 280 18 9 -1 -1 -1 -1 
97 1 1308 289 62 56 -1 -1 -1 -1 
98 1 1310 289 65 56 -1 -1 -1 -1 
98 2 1202 280 18 10 -1 -1 -1 -1 
98 8 1087 283 27 14 -1 -1 -1 -1 
99 1 1310 289 64 56 -1 -1 -1 -1 
99 2 1204 278 23 14 -1 -1 -1 -1 
99 8 1080 283 33 14 -1 -1 -1 -1 
100 1 1310 289 64 55 -1 -1 -1 -1 
100 2 1202 278 19 14 -1 -1 -1 -1 
100 8 1068 287 23 15 -1 -1 -1 -1 
101 1 1308 290 66 57 -1 -1 -1 -1 
101 2 1199 282 14 5 -1 -1 -1 -1 
101 8 1058 288 42 24 -1 -1 -1 -1 
102 1 1311 290 66 57 -1 -1 -1 -1 
102 8 1045 292 49 33 -1 -1 -1 -1 
103 1 1310 290 65 57 -1 -1 -1 -1 
103 2 1199 274 14 5 -1 -1 -1 -1 
103 8 1028 297 56 35 -1 -1 -1 -1 
104 1 1311 291 66 58 -1 -1 -1 -1 
104 8 1004 300 65 41 -1 -1 -1 -1 
105 1 1313 293 66 56 -1 -1 -1 -1 
105 8 969 307 84 48 -1 -1 -1 -1 
106 1 1312 293 67 55 -1 -1 -1 -1 
106 8 938 310 89 68 -1 -1 -1 -1 
107 1 1311 290 64 58 -1 -1 -1 -1 
107 8 882 320 104 88 -1 -1 -1 -1 
108 1 1311 290 65 57 -1 -1 -1 -1 
108 8 836 310 139 132 -1 -1 -1 -1 
109 1 1311 290 63 57 -1 -1 -1 -1 
109 8 753 333 132 169 -1 -1 -1 -1 
110 1 1311 290 67 58 -1 -1 -1 -1 
110 8 609 383 129 234 -1 -1 -1 -1 
111 1 1311 290 69 58 -1 -1 -1 -1 
111 2 1199 276 14 10 -1 -1 -1 -1 
111 8 362 472 61 562 -1 -1 -1 -1 
112 1 1314 290 65 57 -1 -1 -1 -1 
112 2 1206 276 10 10 -1 -1 -1 -1 
112 8 134 538 9 1438 -1 -1 -1 -1 
113 1 1315 296 63 43 -1 -1 -1 -1 
114 1 1314 290 64 56 -1 -1 -1 -1 
115 1 1315 289 64 55 -1 -1 -1 -1 
116 1 1314 290 70 57 -1 -1 -1 -1 
117 1 1316 293 66 54 -1 -1 -1 -1 
118 1 1316 291 65 51 -1 -1 -1 -1 
119 1 1315 290 63 56 -1 -1 -1 -1 
120 1 1317 296 66 43 -1 -1 -1 -1 
121 1 1316 296 66 43 -1 -1 -1 -1 
122 1 1317 296 64 44 -1 -1 -1 -1 
123 1 1315 289 69 55 -1 -1 -1 -1 
123 9 1056 281 37 20 -1 -1 -1 -1 
124 1 1318 287 71 60 -1 -1 -1 -1 
124 9 1039 281 44 19 -1 -1 -1 -1 
125 1 1317 290 72 56 -1 -1 -1 -1 
125 9 1019 288 49 25 -1 -1 -1 -1 
126 1 1318 290 69 56 -1 -1 -1 -1 
126 9 996 290 55 29 -1 -1 -1 -1 
127 1 1316 290 70 56 -1 -1 -1 -1 
127 9 961 297 65 44 -1 -1 -1 -1 
128 1 1317 289 67 56 -1 -1 -1 -1 
128 9 951 292 71 62 -1 -1 -1 -1 
129 1 1317 290 65 56 -1 -1 -1 -1 
129 9 908 291 83 87 -1 -1 -1 -1 
130 1 1316 290 65 57 -1 -1 -1 -1 
130 9 836 301 106 109 -1 -1 -1 -1 
130 10 1066 285 18 10 -1 -1 -1 -1 
131 1 1315 289 63 55 -1 -1 -1 -1 
131 9 737 315 116 152 -1 -1 -1 -1 
131 10 1052 288 27 15 -1 -1 -1 -1 
132 1 1318 290 68 57 -1 -1 -1 -1 
132 9 590 345 116 225 -1 -1 -1 -1 
132 10 1027 290 33 20 -1 -1 -1 -1 
133 1 1318 289 71 56 -1 -1 -1 -1 
133 9 344 434 80 465 -1 -1 -1 -1 
133 10 1000 295 42 21 -1 -1 -1 -1 
134 1 1320 290 70 57 -1 -1 -1 -1 
134 9 136 768 12 865 -1 -1 -1 -1 
134 10 972 302 56 35 -1 -1 -1 -1 
135 1 1316 289 68 56 -1 -1 -1 -1 
135 9 2224 -101 34 611 -1 -1 -1 -1 
135 10 932 310 64 43 -1 -1 -1 -1 
136 1 1317 290 70 57 -1 -1 -1 -1 
136 10 901 309 72 60 -1 -1 -1 -1 
136 11 1010 279 30 23 -1 -1 -1 -1 
137 1 1316 290 69 57 -1 -1 -1 -1 
137 10 827 321 78 82 -1 -1 -1 -1 
137 11 993 281 31 28 -1 -1 -1 -1 
138 1 1317 289 71 56 -1 -1 -1 -1 
138 10 717 329 95 138 -1 -1 -1 -1 
138 11 972 283 33 33 -1 -1 -1 -1 
139 1 1319 290 72 57 -1 -1 -1 -1 
139 10 536 369 89 234 -1 -1 -1 -1 
139 11 950 285 37 37 -1 -1 -1 -1 
140 1 1316 290 65 57 -1 -1 -1 -1 
140 10 283 499 43 543 -1 -1 -1 -1 
140 11 924 292 40 50 -1 -1 -1 -1 
141 1 1317 290 67 57 -1 -1 -1 -1 
141 10 2305 -163 10 1116 -1 -1 -1 -1 
141 11 884 296 47 58 -1 -1 -1 -1 
142 1 1319 289 70 56 -1 -1 -1 -1 
142 11 835 302 53 71 -1 -1 -1 -1 
143 1 1319 289 69 56 -1 -1 -1 -1 
143 11 770 311 61 89 -1 -1 -1 -1 
144 1 1319 289 68 56 -1 -1 -1 -1 
144 11 684 324 63 114 -1 -1 -1 -1 
145 1 1319 289 69 56 -1 -1 -1 -1 
145 11 562 347 73 169 -1 -1 -1 -1 
146 1 1319 287 69 61 -1 -1 -1 -1 
146 11 401 402 64 277 -1 -1 -1 -1 
147 1 1319 287 70 60 -1 -1 -1 -1 
147 11 211 600 24 706 -1 -1 -1 -1 
148 1 1319 287 69 60 -1 -1 -1 -1 
148 11 2289 -191 10 936 -1 -1 -1 -1 
149 1 1318 289 70 55 -1 -1 -1 -1 
150 1 1320 287 71 60 -1 -1 -1 -1 
151 1 1320 287 68 61 -1 -1 -1 -1 
151 12 935 298 38 25 -1 -1 -1 -1 
152 1 1321 287 70 60 -1 -1 -1 -1 
152 12 898 299 35 26 -1 -1 -1 -1 
153 1 1325 290 74 57 -1 -1 -1 -1 
153 12 855 307 51 47 -1 -1 -1 -1 
153 13 1013 283 17 5 -1 -1 -1 -1 
154 1 1321 290 68 57 -1 -1 -1 -1 
154 12 798 321 55 46 -1 -1 -1 -1 
154 13 997 290 13 11 -1 -1 -1 -1 
155 1 1322 288 70 62 -1 -1 -1 -1 
155 12 746 322 69 71 -1 -1 -1 -1 
155 13 971 293 27 16 -1 -1 -1 -1 
156 1 1322 288 71 62 -1 -1 -1 -1 
156 12 660 333 56 101 -1 -1 -1 -1 
156 13 941 298 33 16 -1 -1 -1 -1 
157 1 1322 288 71 62 -1 -1 -1 -1 
157 12 539 365 49 139 -1 -1 -1 -1 
157 13 913 301 31 21 -1 -1 -1 -1 
158 1 1323 291 70 59 -1 -1 -1 -1 
158 12 378 430 34 222 -1 -1 -1 -1 
158 13 874 307 42 40 -1 -1 -1 -1 
159 1 1326 291 74 60 -1 -1 -1 -1 
159 12 181 668 14 558 -1 -1 -1 -1 
159 13 840 314 56 47 -1 -1 -1 -1 
160 1 1325 291 76 60 -1 -1 -1 -1 
160 12 2263 -146 12 606 -1 -1 -1 -1 
160 13 778 324 62 57 -1 -1 -1 -1 
161 1 1326 291 76 60 -1 -1 -1 -1 
161 13 701 338 51 74 -1 -1 -1 -1 
162 1 1327 291 74 60 -1 -1 -1 -1 
162 13 597 364 42 100 -1 -1 -1 -1 
163 1 1330 291 78 60 -1 -1 -1 -1 
163 13 276 537 18 333 -1 -1 -1 -1 
164 1 1331 291 81 61 -1 -1 -1 -1 
164 13 2321 -555 2 369 -1 -1 -1 -1 
165 1 1331 291 79 61 -1 -1 -1 -1 
165 13 2211 -84 13 367 -1 -1 -1 -1 
166 1 1331 291 81 61 -1 -1 -1 -1 
167 1 1332 292 79 61 -1 -1 -1 -1 
168 1 1334 292 79 62 -1 -1 -1 -1 
169 1 1333 292 79 62 -1 -1 -1 -1 
169 14 960 293 25 15 -1 -1 -1 -1 
170 1 1333 293 75 63 -1 -1 -1 -1 
170 14 925 301 40 11 -1 -1 -1 -1 
171 1 1334 293 77 63 -1 -1 -1 -1 
171 14 890 307 38 32 -1 -1 -1 -1 
172 1 1334 293 76 63 -1 -1 -1 -1 
172 14 872 305 36 29 -1 -1 -1 -1 
173 1 1336 293 76 64 -1 -1 -1 -1 
173 14 814 316 51 49 -1 -1 -1 -1 
174 1 1337 293 74 64 -1 -1 -1 -1 
174 14 741 329 61 60 -1 -1 -1 -1 
175 1 1337 293 73 64 -1 -1 -1 -1 
175 14 652 341 68 93 -1 -1 -1 -1 
175 15 1039 278 40 32 -1 -1 -1 -1 
176 1 1336 290 72 67 -1 -1 -1 -1 
176 14 534 369 60 139 -1 -1 -1 -1 
176 15 1015 290 42 20 -1 -1 -1 -1 
177 1 1338 290 80 66 -1 -1 -1 -1 
177 14 379 439 45 218 -1 -1 -1 -1 
177 15 984 297 58 42 -1 -1 -1 -1 
178 1 1340 291 80 68 -1 -1 -1 -1 
178 14 187 702 14 462 -1 -1 -1 -1 
178 15 958 299 62 47 -1 -1 -1 -1 
179 1 1339 290 76 68 -1 -1 -1 -1 
179 14 2276 -272 7 482 -1 -1 -1 -1 
179 15 914 297 70 72 -1 -1 -1 -1 
180 1 1336 290 83 67 -1 -1 -1 -1 
180 15 843 308 85 93 -1 -1 -1 -1 
181 1 1337 291 90 68 -1 -1 -1 -1 
181 15 745 323 93 126 -1 -1 -1 -1 
182 1 1342 291 94 69 -1 -1 -1 -1 
182 15 586 357 95 194 -1 -1 -1 -1 
183 1 1342 291 82 68 -1 -1 -1 -1 
183 15 349 499 53 502 -1 -1 -1 -1 
184 1 1343 291 79 69 -1 -1 -1 -1 
184 15 2333 -639 2 379 -1 -1 -1 -1 
185 1 1340 293 76 65 -1 -1 -1 -1 
186 1 1342 294 79 66 -1 -1 -1 -1 
187 1 1342 291 80 69 -1 -1 -1 -1 
188 1 1339 291 80 68 -1 -1 -1 -1 
189 1 1331 290 85 67 -1 -1 -1 -1 
189 16 953 291 36 19 -1 -1 -1 -1 
190 1 1336 292 72 63 -1 -1 -1 -1 
190 16 918 302 40 23 -1 -1 -1 -1 
191 1 1337 292 98 64 -1 -1 -1 -1 
191 16 887 306 38 31 -1 -1 -1 -1 
192 16 859 311 40 32 -1 -1 -1 -1 
193 1 1340 291 83 68 -1 -1 -1 -1 
193 16 800 313 57 58 -1 -1 -1 -1 
194 1 1343 290 85 68 -1 -1 -1 -1 
194 16 733 322 60 74 -1 -1 -1 -1 
195 1 1340 291 73 68 -1 -1 -1 -1 
195 16 639 338 70 103 -1 -1 -1 -1 
196 1 1340 291 78 69 -1 -1 -1 -1 
196 16 517 369 55 149 -1 -1 -1 -1 
197 1 1340 291 79 69 -1 -1 -1 -1 
197 16 363 438 45 249 -1 -1 -1 -1 
197 17 988 291 21 11 -1 -1 -1 -1 
198 1 1340 293 84 65 -1 -1 -1 -1 
198 16 172 709 15 546 -1 -1 -1 -1 
198 17 968 293 17 15 -1 -1 -1 -1 
199 1 1340 293 87 66 -1 -1 -1 -1 
199 16 2278 -226 10 549 -1 -1 -1 -1 
199 17 949 294 22 16 -1 -1 -1 -1 
200 1 1341 294 92 67 -1 -1 -1 -1 
200 17 914 304 28 28 -1 -1 -1 -1 
201 1 1339 293 94 66 -1 -1 -1 -1 
201 17 875 310 35 28 -1 -1 -1 -1 
202 1 1343 294 97 67 -1 -1 -1 -1 
202 17 823 322 40 31 -1 -1 -1 -1 
203 1 1351 295 94 69 -1 -1 -1 -1 
203 17 784 318 48 58 -1 -1 -1 -1 
204 1 1343 293 90 66 -1 -1 -1 -1 
204 17 709 332 64 75 -1 -1 -1 -1 
205 1 1346 294 81 66 -1 -1 -1 -1 
205 17 618 344 51 113 -1 -1 -1 -1 
206 1 1347 294 84 66 -1 -1 -1 -1 
206 17 472 385 55 174 -1 -1 -1 -1 
207 1 1349 291 88 70 -1 -1 -1 -1 
207 17 305 492 35 305 -1 -1 -1 -1 
208 1 1349 294 87 66 -1 -1 -1 -1 
208 17 116 1047 3 413 -1 -1 -1 -1 
209 1 1349 294 84 67 -1 -1 -1 -1 
209 17 2241 -142 12 463 -1 -1 -1 -1 
210 1 1349 294 86 66 -1 -1 -1 -1 
211 1 1349 294 83 67 -1 -1 -1 -1 
212 1 1351 294 79 67 -1 -1 -1 -1 
213 1 1351 294 79 68 -1 -1 -1 -1 
214 1 1356 294 86 68 -1 -1 -1 -1 
215 1 1356 294 84 68 -1 -1 -1 -1 
216 1 1351 295 77 69 -1 -1 -1 -1 
217 1 1351 295 82 68 -1 -1 -1 -1 
218 1 1351 295 83 69 -1 -1 -1 -1 
219 1 1353 295 85 70 -1 -1 -1 -1 
220 1 1353 295 92 70 -1 -1 -1 -1 
221 1 1351 295 91 69 -1 -1 -1 -1 
222 1 1352 293 95 74 -1 -1 -1 -1 
223 1 1352 295 98 70 -1 -1 -1 -1 
224 1 1350 295 99 69 -1 -1 -1 -1 
225 1 1348 293 99 73 -1 -1 -1 -1 
226 1 1350 293 105 74 -1 -1 -1 -1 
227 1 1351 293 109 74 -1 -1 -1 -1 
228 1 1348 293 111 73 -1 -1 -1 -1 
229 1 1349 293 113 74 -1 -1 -1 -1 
230 1 1349 293 114 73 -1 -1 -1 -1 
231 1 1349 293 109 73 -1 -1 -1 -1 
232 1 1352 293 103 73 -1 -1 -1 -1 
233 1 1356 293 102 74 -1 -1 -1 -1 
234 1 1361 294 94 75 -1 -1 -1 -1 
235 1 1362 294 90 75 -1 -1 -1 -1 
235 18 1043 279 28 14 -1 -1 -1 -1 
236 1 1364 294 95 76 -1 -1 -1 -1 
237 1 1363 296 105 72 -1 -1 -1 -1 
237 18 1016 281 35 19 -1 -1 -1 -1 
238 1 1360 297 109 73 -1 -1 -1 -1 
238 18 1000 281 36 19 -1 -1 -1 -1 
239 1 1363 295 88 79 -1 -1 -1 -1 
239 18 982 284 39 24 -1 -1 -1 -1 
240 1 1360 297 101 74 -1 -1 -1 -1 
240 18 965 283 46 41 -1 -1 -1 -1 
241 1 1362 297 96 74 -1 -1 -1 -1 
241 18 942 285 52 45 -1 -1 -1 -1 
242 18 913 287 53 59 -1 -1 -1 -1 
243 1 1361 298 90 75 -1 -1 -1 -1 
243 18 872 291 58 68 -1 -1 -1 -1 
244 1 1364 298 93 75 -1 -1 -1 -1 
244 18 825 297 68 81 -1 -1 -1 -1 
245 1 1365 298 88 75 -1 -1 -1 -1 
245 18 761 306 73 100 -1 -1 -1 -1 
246 1 1365 298 86 75 -1 -1 -1 -1 
246 18 667 321 88 129 -1 -1 -1 -1 
247 1 1367 299 87 77 -1 -1 -1 -1 
247 18 566 336 69 177 -1 -1 -1 -1 
248 1 1369 299 92 78 -1 -1 -1 -1 
248 18 428 373 39 260 -1 -1 -1 -1 
249 1 1370 299 99 78 -1 -1 -1 -1 
249 18 238 488 18 569 -1 -1 -1 -1 
250 1 1370 299 105 78 -1 -1 -1 -1 
250 18 2318 -96 3 1253 -1 -1 -1 -1 
251 1 1368 300 104 79 -1 -1 -1 -1 
251 18 2220 6 18 616 -1 -1 -1 -1 
252 1 1365 299 104 77 -1 -1 -1 -1 
253 1 1370 297 96 82 -1 -1 -1 -1 
254 1 1372 299 93 77 -1 -1 -1 -1 
255 1 1374 297 95 82 -1 -1 -1 -1 
256 1 1374 297 91 82 -1 -1 -1 -1 
257 1 1369 299 94 78 -1 -1 -1 -1 
258 1 1369 296 106 80 -1 -1 -1 -1 
259 1 1367 296 114 81 -1 -1 -1 -1 
260 1 1366 299 126 78 -1 -1 -1 -1 
261 1 1373 300 113 79 -1 -1 -1 -1 
262 1 1377 300 96 80 -1 -1 -1 -1 
263 1 1383 300 102 81 -1 -1 -1 -1 
264 1 1380 298 102 84 -1 -1 -1 -1 
265 1 1380 300 121 81 -1 -1 -1 -1 
266 1 1371 301 124 82 -1 -1 -1 -1 
267 1 1367 301 140 83 -1 -1 -1 -1 
268 1 1372 301 130 82 -1 -1 -1 -1 
269 1 1377 299 111 87 -1 -1 -1 -1 
270 1 1387 302 104 84 -1 -1 -1 -1 
271 1 1389 303 113 86 -1 -1 -1 -1 
272 1 1389 303 97 86 -1 -1 -1 -1 
273 1 1386 303 105 87 -1 -1 -1 -1 
274 1 1387 303 111 88 -1 -1 -1 -1 
275 1 1386 304 122 89 -1 -1 -1 -1 
276 1 1381 305 127 89 -1 -1 -1 -1 
277 1 1383 305 118 90 -1 -1 -1 -1 
278 1 1389 305 112 90 -1 -1 -1 -1 
279 1 1395 305 108 91 -1 -1 -1 -1 
280 1 1398 306 112 92 -1 -1 -1 -1 
281 1 1395 306 114 92 -1 -1 -1 -1 
282 1 1393 304 133 97 -1 -1 -1 -1 
283 1 1393 304 125 98 -1 -1 -1 -1 
284 1 1402 307 131 96 -1 -1 -1 -1 
285 1 1402 307 119 96 -1 -1 -1 -1 
286 1 1407 308 114 98 -1 -1 -1 -1 
287 1 1410 308 115 98 -1 -1 -1 -1 
288 1 1411 309 125 99 -1 -1 -1 -1 
289 1 1412 310 131 102 -1 -1 -1 -1 
290 1 1412 310 125 101 -1 -1 -1 -1 
291 1 1409 310 139 102 -1 -1 -1 -1 
292 1 1411 309 134 108 -1 -1 -1 -1 
293 1 1416 312 136 105 -1 -1 -1 -1 
294 1 1418 311 137 105 -1 -1 -1 -1 
295 1 1423 311 131 111 -1 -1 -1 -1 
296 1 1431 313 136 109 -1 -1 -1 -1 
297 1 1431 314 128 110 -1 -1 -1 -1 
298 1 1437 313 127 116 -1 -1 -1 -1 
299 1 1439 313 128 117 -1 -1 -1 -1 
300 1 1440 316 130 114 -1 -1 -1 -1 
301 1 1448 318 142 119 -1 -1 -1 -1 
302 1 1446 316 148 122 -1 -1 -1 -1 
303 1 1447 316 135 124 -1 -1 -1 -1 
304 1 1443 316 161 124 -1 -1 -1 -1 
305 1 1447 317 158 125 -1 -1 -1 -1 
306 1 1451 318 162 128 -1 -1 -1 -1 
307 1 1455 320 155 131 -1 -1 -1 -1 
308 1 1460 320 157 133 -1 -1 -1 -1 
309 1 1470 321 167 135 -1 -1 -1 -1 
310 1 1472 322 164 136 -1 -1 -1 -1 
311 1 1473 323 153 137 -1 -1 -1 -1 
312 1 1476 323 153 139 -1 -1 -1 -1 
313 1 1476 323 151 138 -1 -1 -1 -1 
314 1 1482 324 153 141 -1 -1 -1 -1 
315 1 1488 326 146 145 -1 -1 -1 -1 
316 1 1494 328 155 149 -1 -1 -1 -1 
317 1 1500 329 168 151 -1 -1 -1 -1 
318 1 1503 330 172 153 -1 -1 -1 -1 
319 1 1504 330 183 153 -1 -1 -1 -1 
320 1 1507 331 189 156 -1 -1 -1 -1 
321 1 1509 331 165 155 -1 -1 -1 -1 
322 1 1515 333 212 161 -1 -1 -1 -1 
323 1 1515 334 172 162 -1 -1 -1 -1 
324 1 1519 335 171 163 -1 -1 -1 -1 
325 1 1531 338 190 170 -1 -1 -1 -1 
326 1 1527 338 194 170 -1 -1 -1 -1 
327 1 1528 338 208 170 -1 -1 -1 -1 
328 1 1538 340 189 176 -1 -1 -1 -1 
329 1 1530 339 172 172 -1 -1 -1 -1 
330 1 1539 341 186 177 -1 -1 -1 -1 
331 1 1547 343 184 182 -1 -1 -1 -1 
332 1 1544 342 180 180 -1 -1 -1 -1 
333 1 1544 342 177 180 -1 -1 -1 -1 
334 1 1546 342 179 180 -1 -1 -1 -1 
335 1 1554 345 188 185 -1 -1 -1 -1 
336 1 1561 347 182 191 -1 -1 -1 -1 
337 1 1565 349 192 194 -1 -1 -1 -1 
338 1 1554 345 184 186 -1 -1 -1 -1 
339 1 1551 345 194 185 -1 -1 -1 -1 
340 1 1553 345 196 187 -1 -1 -1 -1 
341 1 1553 346 200 188 -1 -1 -1 -1 
342 1 1552 346 209 189 -1 -1 -1 -1 
343 1 1550 346 210 188 -1 -1 -1 -1 
344 1 1548 347 218 190 -1 -1 -1 -1 
345 1 1546 346 223 189 -1 -1 -1 -1 
346 1 1549 347 232 190 -1 -1 -1 -1 
346 19 1096 276 27 10 -1 -1 -1 -1 
347 1 1548 346 233 189 -1 -1 -1 -1 
347 19 1085 276 30 10 -1 -1 -1 -1 
348 1 1542 345 236 187 -1 -1 -1 -1 
348 19 1076 274 35 22 -1 -1 -1 -1 
349 1 1545 345 253 186 -1 -1 -1 -1 
349 19 1061 274 34 22 -1 -1 -1 -1 
350 1 1540 345 243 187 -1 -1 -1 -1 
350 19 1038 280 47 18 -1 -1 -1 -1 
351 1 1544 345 180 186 -1 -1 -1 -1 
351 19 1020 284 49 35 -1 -1 -1 -1 
352 1 1525 342 211 179 -1 -1 -1 -1 
352 19 992 286 52 40 -1 -1 -1 -1 
353 1 1522 342 216 180 -1 -1 -1 -1 
353 19 953 292 67 51 -1 -1 -1 -1 
354 1 1536 346 233 189 -1 -1 -1 -1 
354 19 904 299 76 65 -1 -1 -1 -1 
355 1 1535 342 233 181 -1 -1 -1 -1 
355 19 828 309 94 85 -1 -1 -1 -1 
356 1 1523 337 203 169 -1 -1 -1 -1 
356 19 722 329 101 116 -1 -1 -1 -1 
356 20 854 294 22 63 -1 -1 -1 -1 
357 1 1476 337 263 168 -1 -1 -1 -1 
357 19 538 373 94 197 -1 -1 -1 -1 
357 20 773 304 53 83 -1 -1 -1 -1 
358 1 1516 336 181 168 -1 -1 -1 -1 
358 19 260 551 43 502 -1 -1 -1 -1 
358 20 674 318 76 111 -1 -1 -1 -1 
359 1 1531 340 181 175 -1 -1 -1 -1 
359 19 2264 -175 20 696 -1 -1 -1 -1 
359 20 553 340 59 155 -1 -1 -1 -1 
360 1 1528 340 192 175 -1 -1 -1 -1 
360 20 378 399 42 267 -1 -1 -1 -1 
361 1 1524 338 200 172 -1 -1 -1 -1 
361 20 181 589 16 684 -1 -1 -1 -1 
362 1 1525 338 186 172 -1 -1 -1 -1 
362 20 2261 -78 13 687 -1 -1 -1 -1 
363 1 1526 338 173 172 -1 -1 -1 -1 
364 1 1518 336 182 168 -1 -1 -1 -1 
365 1 1505 334 189 162 -1 -1 -1 -1 
366 1 1501 334 198 163 -1 -1 -1 -1 
367 1 1496 334 218 162 -1 -1 -1 -1 
368 1 1485 332 221 158 -1 -1 -1 -1 
369 1 1489 334 223 162 -1 -1 -1 -1 
370 1 1503 333 179 161 -1 -1 -1 -1 
371 1 1510 333 163 160 -1 -1 -1 -1 
372 1 1510 333 180 161 -1 -1 -1 -1 
373 1 1506 332 155 158 -1 -1 -1 -1 
374 1 1500 330 158 154 -1 -1 -1 -1 
375 1 1500 330 172 154 -1 -1 -1 -1 
376 1 1492 330 173 153 -1 -1 -1 -1 
377 1 1487 329 187 151 -1 -1 -1 -1 
378 1 1471 327 194 147 -1 -1 -1 -1 
379 1 1478 329 205 150 -1 -1 -1 -1 
380 1 1472 328 208 149 -1 -1 -1 -1 
381 1 1482 326 165 144 -1 -1 -1 -1 
382 1 1488 327 167 146 -1 -1 -1 -1 
383 1 1467 323 173 138 -1 -1 -1 -1 
384 1 1468 323 176 139 -1 -1 -1 -1 
385 1 1474 322 149 137 -1 -1 -1 -1 
386 1 1474 322 151 137 -1 -1 -1 -1 
387 1 1475 322 162 136 -1 -1 -1 -1 
388 1 1471 322 174 135 -1 -1 -1 -1 
389 1 1465 318 143 137 -1 -1 -1 -1 
390 1 1462 318 150 136 -1 -1 -1 -1 
391 1 1458 319 146 130 -1 -1 -1 -1 
392 1 1457 318 145 128 -1 -1 -1 -1 
393 1 1451 317 139 126 -1 -1 -1 -1 
394 1 1443 316 134 124 -1 -1 -1 -1 
395 1 1448 317 137 125 -1 -1 -1 -1 
396 1 1445 316 140 123 -1 -1 -1 -1 
397 1 1446 316 135 123 -1 -1 -1 -1 
398 1 1444 315 137 121 -1 -1 -1 -1 
399 1 1440 315 131 121 -1 -1 -1 -1 
400 1 1437 314 126 119 -1 -1 -1 -1 
401 1 1435 314 129 119 -1 -1 -1 -1 
402 1 1436 314 134 118 -1 -1 -1 -1 
403 1 1436 313 130 117 -1 -1 -1 -1 
404 1 1434 313 127 117 -1 -1 -1 -1 
405 1 1429 312 128 115 -1 -1 -1 -1 
406 1 1428 312 134 115 -1 -1 -1 -1 
407 1 1428 312 127 115 -1 -1 -1 -1 
408 1 1427 312 129 114 -1 -1 -1 -1 
409 1 1430 312 134 114 -1 -1 -1 -1 
410 1 1427 311 133 113 -1 -1 -1 -1 
411 1 1427 312 132 114 -1 -1 -1 -1 
411 21 989 283 30 15 -1 -1 -1 -1 
412 1 1426 311 135 113 -1 -1 -1 -1 
412 21 960 286 35 20 -1 -1 -1 -1 
413 1 1422 310 131 111 -1 -1 -1 -1 
413 21 939 290 37 37 -1 -1 -1 -1 
414 1 1417 309 133 109 -1 -1 -1 -1 
414 21 902 295 46 46 -1 -1 -1 -1 
415 1 1421 310 137 110 -1 -1 -1 -1 
415 21 849 300 51 56 -1 -1 -1 -1 
416 1 1421 310 139 110 -1 -1 -1 -1 
416 21 784 308 56 71 -1 -1 -1 -1 
417 1 1418 309 137 108 -1 -1 -1 -1 
417 21 691 322 66 96 -1 -1 -1 -1 
418 1 1417 308 135 107 -1 -1 -1 -1 
418 21 566 346 57 140 -1 -1 -1 -1 
419 1 1420 309 140 107 -1 -1 -1 -1 
419 21 390 399 47 250 -1 -1 -1 -1 
420 1 1420 309 140 107 -1 -1 -1 -1 
420 21 183 605 15 650 -1 -1 -1 -1 
421 1 1418 309 139 109 -1 -1 -1 -1 
421 21 2248 -70 15 608 -1 -1 -1 -1 
422 1 1421 309 139 108 -1 -1 -1 -1 
423 1 1423 309 141 108 -1 -1 -1 -1 
424 1 1423 309 143 107 -1 -1 -1 -1 
425 1 1423 309 143 109 -1 -1 -1 -1 
426 1 1421 309 142 109 -1 -1 -1 -1 
427 1 1423 309 145 109 -1 -1 -1 -1 
428 1 1424 309 149 108 -1 -1 -1 -1 
429 1 1421 309 116 108 -1 -1 -1 -1 
430 1 1417 308 131 107 -1 -1 -1 -1 
431 1 1422 308 124 107 -1 -1 -1 -1 
432 1 1424 309 134 107 -1 -1 -1 -1 
433 1 1422 309 130 108 -1 -1 -1 -1 
434 1 1426 309 123 108 -1 -1 -1 -1 
435 1 1425 309 129 108 -1 -1 -1 -1 
436 1 1423 309 139 108 -1 -1 -1 -1 
437 1 1425 309 130 108 -1 -1 -1 -1 
437 22 1025 290 34 11 -1 -1 -1 -1 
438 1 1424 309 123 108 -1 -1 -1 -1 
439 1 1425 309 128 108 -1 -1 -1 -1 
439 22 968 294 62 46 -1 -1 -1 -1 
440 1 1422 309 133 108 -1 -1 -1 -1 
440 22 919 297 79 62 -1 -1 -1 -1 
441 1 1419 309 142 108 -1 -1 -1 -1 
441 22 858 306 87 80 -1 -1 -1 -1 
442 1 1416 309 145 108 -1 -1 -1 -1 
442 22 750 323 98 114 -1 -1 -1 -1 
443 1 1418 308 160 107 -1 -1 -1 -1 
443 22 576 364 100 181 -1 -1 -1 -1 
444 1 1412 309 141 108 -1 -1 -1 -1 
444 22 323 489 67 403 -1 -1 -1 -1 
445 1 1419 309 140 109 -1 -1 -1 -1 
445 22 2296 -288 13 817 -1 -1 -1 -1 
446 1 1419 309 133 108 -1 -1 -1 -1 
447 1 1422 309 124 109 -1 -1 -1 -1 
448 1 1423 309 121 108 -1 -1 -1 -1 
449 1 1426 309 127 109 -1 -1 -1 -1 
450 1 1424 309 140 109 -1 -1 -1 -1 
451 1 1429 310 131 111 -1 -1 -1 -1 
452 1 1430 308 126 116 -1 -1 -1 -1 
453 1 1434 312 126 114 -1 -1 -1 -1 
454 1 1430 312 126 114 -1 -1 -1 -1 
455 1 1432 312 130 114 -1 -1 -1 -1 
456 1 1427 312 133 114 -1 -1 -1 -1 
457 1 1428 312 137 115 -1 -1 -1 -1 
458 1 1427 312 144 115 -1 -1 -1 -1 
459 1 1423 312 153 114 -1 -1 -1 -1 
460 1 1423 312 156 115 -1 -1 -1 -1 
461 1 1431 312 136 116 -1 -1 -1 -1 
462 1 1437 312 121 116 -1 -1 -1 -1 
463 1 1437 313 149 116 -1 -1 -1 -1 
464 1 1438 312 128 115 -1 -1 -1 -1 
465 1 1434 313 143 116 -1 -1 -1 -1 
466 1 1427 313 163 116 -1 -1 -1 -1 
467 1 1420 312 187 115 -1 -1 -1 -1 
468 1 1431 313 146 117 -1 -1 -1 -1 
469 1 1443 317 130 116 -1 -1 -1 -1 
470 1 1435 313 147 118 -1 -1 -1 -1 
471 1 1429 314 167 119 -1 -1 -1 -1 
472 1 1424 314 187 119 -1 -1 -1 -1 
473 1 1431 313 156 118 -1 -1 -1 -1 
474 1 1442 313 138 116 -1 -1 -1 -1 
475 1 1443 311 137 122 -1 -1 -1 -1 
476 1 1442 311 141 121 -1 -1 -1 -1 
477 1 1438 311 143 121 -1 -1 -1 -1 
478 1 1438 313 138 117 -1 -1 -1 -1 
479 1 1441 313 146 118 -1 -1 -1 -1 
480 1 1436 313 141 117 -1 -1 -1 -1 
481 1 1442 314 152 119 -1 -1 -1 -1 
482 1 1437 314 149 119 -1 -1 -1 -1 
483 1 1438 314 151 120 -1 -1 -1 -1 
484 1 1435 314 150 120 -1 -1 -1 -1 
485 1 1437 315 157 120 -1 -1 -1 -1 
486 1 1433 315 153 120 -1 -1 -1 -1 
487 1 1432 314 158 118 -1 -1 -1 -1 
488 1 1433 314 159 119 -1 -1 -1 -1 
489 1 1431 314 157 120 -1 -1 -1 -1 
490 1 1435 315 142 121 -1 -1 -1 -1 
491 1 1440 315 133 121 -1 -1 -1 -1 
492 1 1438 315 141 120 -1 -1 -1 -1 
493 1 1437 315 147 120 -1 -1 -1 -1 
494 1 1437 314 137 119 -1 -1 -1 -1 
494 24 550 300 19 24 -1 -1 -1 -1 
494 25 625 298 20 29 -1 -1 -1 -1 
494 26 669 296 15 26 -1 -1 -1 -1 
494 27 702 291 17 18 -1 -1 -1 -1 
495 1 1430 314 155 120 -1 -1 -1 -1 
495 23 429 319 21 82 -1 -1 -1 -1 
495 24 516 307 19 34 -1 -1 -1 -1 
495 25 594 303 22 36 -1 -1 -1 -1 
495 26 641 297 12 27 -1 -1 -1 -1 
495 27 677 298 16 20 -1 -1 -1 -1 
496 1 1432 314 148 119 -1 -1 -1 -1 
496 23 384 329 19 97 -1 -1 -1 -1 
496 24 484 311 17 37 -1 -1 -1 -1 
496 25 563 306 18 38 -1 -1 -1 -1 
496 26 602 300 25 29 -1 -1 -1 -1 
496 27 652 303 12 14 -1 -1 -1 -1 
497 1 1436 314 145 120 -1 -1 -1 -1 
497 24 444 322 16 52 -1 -1 -1 -1 
497 25 525 314 17 35 -1 -1 -1 -1 
497 26 574 302 28 31 -1 -1 -1 -1 
497 27 624 301 16 22 -1 -1 -1 -1 
497 28 720 296 27 8 -1 -1 -1 -1 
498 1 1437 314 135 119 -1 -1 -1 -1 
498 23 278 363 11 173 -1 -1 -1 -1 
498 24 404 330 13 58 -1 -1 -1 -1 
498 25 485 319 19 53 -1 -1 -1 -1 
498 26 538 301 31 54 -1 -1 -1 -1 
498 27 591 307 17 30 -1 -1 -1 -1 
498 28 709 299 19 13 -1 -1 -1 -1 
498 29 746 289 34 18 -1 -1 -1 -1 
499 1 1442 315 137 122 -1 -1 -1 -1 
499 24 357 335 14 76 -1 -1 -1 -1 
499 25 445 325 17 58 -1 -1 -1 -1 
499 26 501 301 29 52 -1 -1 -1 -1 
499 27 559 310 17 31 -1 -1 -1 -1 
499 28 665 303 43 14 -1 -1 -1 -1 
499 29 727 293 30 13 -1 -1 -1 -1 
500 1 1442 315 135 121 -1 -1 -1 -1 
500 23 166 529 3 352 -1 -1 -1 -1 
500 24 314 356 5 77 -1 -1 -1 -1 
500 25 398 336 16 69 -1 -1 -1 -1 
500 26 461 313 27 56 -1 -1 -1 -1 
500 27 519 318 18 41 -1 -1 -1 -1 
500 28 656 309 30 15 -1 -1 -1 -1 
500 29 709 290 23 19 -1 -1 -1 -1 
500 30 752 288 13 20 -1 -1 -1 -1 
501 1 1443 315 144 120 -1 -1 -1 -1 
501 24 266 383 4 97 -1 -1 -1 -1 
501 25 359 340 6 42 -1 -1 -1 -1 
501 26 418 330 29 46 -1 -1 -1 -1 
501 27 490 318 8 20 -1 -1 -1 -1 
501 28 625 311 33 17 -1 -1 -1 -1 
501 29 681 289 26 14 -1 -1 -1 -1 
501 30 728 291 13 21 -1 -1 -1 -1 
502 1 1442 312 152 125 -1 -1 -1 -1 
502 23 2300 -127 2 465 -1 -1 -1 -1 
502 24 213 446 4 157 -1 -1 -1 -1 
502 25 300 368 13 122 -1 -1 -1 -1 
502 26 367 341 33 51 -1 -1 -1 -1 
502 27 443 325 18 57 -1 -1 -1 -1 
502 28 598 316 29 23 -1 -1 -1 -1 
502 29 654 302 33 39 -1 -1 -1 -1 
503 1 1440 314 161 120 -1 -1 -1 -1 
503 24 164 564 2 163 -1 -1 -1 -1 
503 25 252 408 9 137 -1 -1 -1 -1 
503 26 316 359 31 62 -1 -1 -1 -1 
503 27 401 339 16 56 -1 -1 -1 -1 
503 28 564 319 25 24 -1 -1 -1 -1 
503 29 630 307 36 36 -1 -1 -1 -1 
503 30 674 301 11 26 -1 -1 -1 -1 
504 1 1439 314 166 119 -1 -1 -1 -1 
504 24 109 1023 0 265 -1 -1 -1 -1 
504 25 196 475 6 180 -1 -1 -1 -1 
504 26 275 382 16 75 -1 -1 -1 -1 
504 27 352 363 15 64 -1 -1 -1 -1 
504 28 530 328 26 31 -1 -1 -1 -1 
504 29 601 311 35 41 -1 -1 -1 -1 
504 30 645 303 9 27 -1 -1 -1 -1 
505 1 1441 314 135 120 -1 -1 -1 -1 
505 24 2309 -231 1 279 -1 -1 -1 -1 
505 25 144 665 2 310 -1 -1 -1 -1 
505 26 228 450 7 144 -1 -1 -1 -1 
505 27 301 389 12 79 -1 -1 -1 -1 
505 28 495 332 17 34 -1 -1 -1 -1 
505 29 570 316 36 47 -1 -1 -1 -1 
505 30 615 308 13 34 -1 -1 -1 -1 
506 1 1431 314 172 119 -1 -1 -1 -1 
506 24 2257 18 2 172 -1 -1 -1 -1 
506 25 2342 -815 0 40 -1 -1 -1 -1 
506 26 175 573 2 173 -1 -1 -1 -1 
506 27 249 402 11 157 -1 -1 -1 -1 
506 28 454 346 19 32 -1 -1 -1 -1 
506 29 537 320 28 50 -1 -1 -1 -1 
506 30 582 314 18 43 -1 -1 -1 -1 
507 1 1435 314 152 120 -1 -1 -1 -1 
507 25 2286 -149 2 199 -1 -1 -1 -1 
507 26 120 956 1 157 -1 -1 -1 -1 
507 27 202 490 3 166 -1 -1 -1 -1 
507 28 411 359 24 43 -1 -1 -1 -1 
507 29 495 324 35 67 -1 -1 -1 -1 
507 30 550 320 11 38 -1 -1 -1 -1 
508 1 1441 315 137 120 -1 -1 -1 -1 
508 25 2227 70 6 202 -1 -1 -1 -1 
508 26 2316 -442 1 113 -1 -1 -1 -1 
508 27 147 699 1 210 -1 -1 -1 -1 
508 28 373 375 8 49 -1 -1 -1 -1 
508 29 451 331 32 75 -1 -1 -1 -1 
508 30 513 326 15 56 -1 -1 -1 -1 
509 1 1444 313 139 125 -1 -1 -1 -1 
509 25 2182 117 2 14 -1 -1 -1 -1 
509 26 2267 -42 1 184 -1 -1 -1 -1 
509 27 2345 -865 0 2 -1 -1 -1 -1 
509 28 324 399 8 58 -1 -1 -1 -1 
509 29 407 328 32 117 -1 -1 -1 -1 
509 30 474 334 12 63 -1 -1 -1 -1 
510 1 1441 315 165 120 -1 -1 -1 -1 
510 25 2137 148 3 11 -1 -1 -1 -1 
510 26 2217 54 3 103 -1 -1 -1 -1 
510 27 2287 -119 2 288 -1 -1 -1 -1 
510 28 275 436 4 71 -1 -1 -1 -1 
510 29 364 343 26 142 -1 -1 -1 -1 
510 30 431 346 11 62 -1 -1 -1 -1 
511 1 1443 315 129 121 -1 -1 -1 -1 
511 27 2232 33 2 156 -1 -1 -1 -1 
511 28 223 501 4 93 -1 -1 -1 -1 
511 29 315 361 22 173 -1 -1 -1 -1 
511 30 383 362 19 78 -1 -1 -1 -1 
512 1 1435 314 152 120 -1 -1 -1 -1 
512 28 171 636 2 131 -1 -1 -1 -1 
512 29 264 416 14 169 -1 -1 -1 -1 
512 30 334 389 20 82 -1 -1 -1 -1 
513 1 1429 312 179 123 -1 -1 -1 -1 
513 28 114 1085 0 127 -1 -1 -1 -1 
513 29 209 496 9 210 -1 -1 -1 -1 
513 30 291 406 10 128 -1 -1 -1 -1 
514 1 1426 310 161 119 -1 -1 -1 -1 
514 28 2311 -419 1 163 -1 -1 -1 -1 
514 29 155 686 3 269 -1 -1 -1 -1 
514 30 237 468 8 155 -1 -1 -1 -1 
515 1 1433 313 141 117 -1 -1 -1 -1 
515 28 2254 -79 3 119 -1 -1 -1 -1 
515 29 96 1339 0 20 -1 -1 -1 -1 
515 30 182 593 5 185 -1 -1 -1 -1 
516 1 1441 313 128 117 -1 -1 -1 -1 
516 28 2215 13 2 10 -1 -1 -1 -1 
516 29 2288 -169 0 131 -1 -1 -1 -1 
516 30 129 863 1 275 -1 -1 -1 -1 
517 1 1441 314 161 119 -1 -1 -1 -1 
517 28 2176 67 2 8 -1 -1 -1 -1 
517 29 2235 38 2 142 -1 -1 -1 -1 
517 30 2323 -497 1 239 -1 -1 -1 -1 
518 1 1438 312 192 123 -1 -1 -1 -1 
518 28 2139 101 3 7 -1 -1 -1 -1 
518 29 2190 118 4 28 -1 -1 -1 -1 
518 30 2266 -77 4 260 -1 -1 -1 -1 
519 1 1440 314 144 120 -1 -1 -1 -1 
519 30 2213 61 10 131 -1 -1 -1 -1 
520 1 1436 314 152 119 -1 -1 -1 -1 
521 1 1432 315 154 120 -1 -1 -1 -1 
522 1 1429 314 166 119 -1 -1 -1 -1 
523 1 1425 314 170 118 -1 -1 -1 -1 
524 1 1431 312 125 116 -1 -1 -1 -1 
525 1 1429 313 197 118 -1 -1 -1 -1 
526 1 1442 315 140 121 -1 -1 -1 -1 
527 1 1434 313 136 117 -1 -1 -1 -1 
528 1 1435 313 136 116 -1 -1 -1 -1 
529 1 1434 313 134 116 -1 -1 -1 -1 
530 1 1429 312 129 114 -1 -1 -1 -1 
531 1 1424 310 125 112 -1 -1 -1 -1 
532 1 1430 312 127 114 -1 -1 -1 -1 
533 1 1430 312 127 114 -1 -1 -1 -1 
534 1 1428 311 130 113 -1 -1 -1 -1 
535 1 1424 310 134 111 -1 -1 -1 -1 
536 1 1418 309 130 108 -1 -1 -1 -1 
537 1 1419 309 133 109 -1 -1 -1 -1 
538 1 1421 309 139 108 -1 -1 -1 -1 
539 1 1417 308 137 107 -1 -1 -1 -1 
540 1 1417 308 140 107 -1 -1 -1 -1 
541 1 1413 308 144 106 -1 -1 -1 -1 
542 1 1414 307 153 104 -1 -1 -1 -1 
543 1 1417 308 159 105 -1 -1 -1 -1 
544 1 1414 307 155 104 -1 -1 -1 -1 
545 1 1412 307 154 104 -1 -1 -1 -1 
546 1 1408 306 151 102 -1 -1 -1 -1 
547 1 1407 306 159 102 -1 -1 -1 -1 
548 1 1405 305 115 100 -1 -1 -1 -1 
549 1 1397 305 137 99 -1 -1 -1 -1 
550 1 1395 302 134 102 -1 -1 -1 -1 
551 1 1391 304 130 97 -1 -1 -1 -1 
552 1 1391 303 130 96 -1 -1 -1 -1 
553 1 1390 303 131 96 -1 -1 -1 -1 
554 1 1393 303 138 95 -1 -1 -1 -1 
555 1 1389 303 119 95 -1 -1 -1 -1 
556 1 1388 303 112 95 -1 -1 -1 -1 
557 1 1390 302 105 94 -1 -1 -1 -1 
558 1 1389 302 111 94 -1 -1 -1 -1 
559 1 1388 302 123 92 -1 -1 -1 -1 
560 1 1387 302 134 93 -1 -1 -1 -1 
561 1 1386 302 113 93 -1 -1 -1 -1 
561 31 1059 274 32 22 -1 -1 -1 -1 
561 32 977 286 17 10 -1 -1 -1 -1 
562 1 1382 300 111 89 -1 -1 -1 -1 
562 31 1038 276 40 27 -1 -1 -1 -1 
562 32 953 291 22 11 -1 -1 -1 -1 
563 1 1374 299 115 87 -1 -1 -1 -1 
563 31 1019 282 48 40 -1 -1 -1 -1 
563 32 923 291 33 12 -1 -1 -1 -1 
564 1 1374 296 103 90 -1 -1 -1 -1 
564 31 988 287 51 42 -1 -1 -1 -1 
564 32 878 292 39 11 -1 -1 -1 -1 
565 1 1378 298 104 85 -1 -1 -1 -1 
565 31 941 293 76 54 -1 -1 -1 -1 
565 32 840 308 42 33 -1 -1 -1 -1 
566 1 1375 298 125 84 -1 -1 -1 -1 
566 31 889 300 82 69 -1 -1 -1 -1 
566 32 778 322 47 45 -1 -1 -1 -1 
567 1 1372 294 138 86 -1 -1 -1 -1 
567 31 818 311 87 90 -1 -1 -1 -1 
567 32 694 338 51 59 -1 -1 -1 -1 
568 1 1370 294 112 85 -1 -1 -1 -1 
568 31 698 334 95 126 -1 -1 -1 -1 
569 1 1370 294 92 85 -1 -1 -1 -1 
569 31 510 388 82 211 -1 -1 -1 -1 
570 1 1369 296 113 81 -1 -1 -1 -1 
570 31 209 644 29 597 -1 -1 -1 -1 
571 1 1360 297 106 81 -1 -1 -1 -1 
571 31 2247 -187 22 572 -1 -1 -1 -1 
571 32 212 594 12 477 -1 -1 -1 -1 
572 1 1357 297 113 82 -1 -1 -1 -1 
572 32 2284 -207 5 654 -1 -1 -1 -1 
573 1 1360 297 104 82 -1 -1 -1 -1 
574 1 1360 298 96 76 -1 -1 -1 -1 
575 1 1359 295 87 77 -1 -1 -1 -1 
576 1 1355 294 92 76 -1 -1 -1 -1 
576 33 993 281 21 10 -1 -1 -1 -1 
577 1 1352 294 98 76 -1 -1 -1 -1 
577 33 966 284 30 15 -1 -1 -1 -1 
578 1 1353 294 106 75 -1 -1 -1 -1 
578 33 943 289 35 25 -1 -1 -1 -1 
579 1 1352 293 89 74 -1 -1 -1 -1 
579 33 918 286 34 29 -1 -1 -1 -1 
580 1 1349 293 91 73 -1 -1 -1 -1 
580 33 887 298 46 36 -1 -1 -1 -1 
581 1 1344 292 93 71 -1 -1 -1 -1 
581 33 842 308 42 31 -1 -1 -1 -1 
582 1 1342 291 101 70 -1 -1 -1 -1 
582 33 783 319 45 34 -1 -1 -1 -1 
583 1 1345 292 100 71 -1 -1 -1 -1 
583 33 712 333 46 46 -1 -1 -1 -1 
583 34 956 299 55 32 -1 -1 -1 -1 
584 1 1346 292 96 71 -1 -1 -1 -1 
584 33 608 356 44 65 -1 -1 -1 -1 
584 34 909 307 60 40 -1 -1 -1 -1 
585 1 1343 292 95 71 -1 -1 -1 -1 
585 33 469 401 37 101 -1 -1 -1 -1 
585 34 848 314 73 60 -1 -1 -1 -1 
586 1 1341 291 89 70 -1 -1 -1 -1 
586 33 292 527 22 193 -1 -1 -1 -1 
586 34 767 316 82 100 -1 -1 -1 -1 
587 1 1335 290 89 68 -1 -1 -1 -1 
587 33 95 1366 0 12 -1 -1 -1 -1 
587 34 638 339 82 147 -1 -1 -1 -1 
588 1 1337 290 87 68 -1 -1 -1 -1 
588 33 2228 -139 12 308 -1 -1 -1 -1 
588 34 448 396 67 254 -1 -1 -1 -1 
589 1 1335 290 92 67 -1 -1 -1 -1 
589 34 184 646 20 696 -1 -1 -1 -1 
590 1 1335 289 93 66 -1 -1 -1 -1 
590 34 2260 -185 16 718 -1 -1 -1 -1 
591 1 1334 289 90 65 -1 -1 -1 -1 
592 1 1333 289 84 65 -1 -1 -1 -1 
593 1 1331 287 85 69 -1 -1 -1 -1 
594 1 1330 289 80 65 -1 -1 -1 -1 
594 35 973 282 56 21 -1 -1 -1 -1 
595 1 1331 295 74 53 -1 -1 -1 -1 
595 35 947 284 57 25 -1 -1 -1 -1 
596 1 1333 299 71 45 -1 -1 -1 -1 
596 35 917 290 65 25 -1 -1 -1 -1 
597 1 1330 289 69 64 -1 -1 -1 -1 
597 35 912 289 43 26 -1 -1 -1 -1 
598 1 1330 289 75 64 -1 -1 -1 -1 
598 35 878 295 41 27 -1 -1 -1 -1 
599 1 1329 289 81 64 -1 -1 -1 -1 
599 35 830 300 53 55 -1 -1 -1 -1 
600 1 1329 291 88 60 -1 -1 -1 -1 
600 35 804 303 61 63 -1 -1 -1 -1 
601 1 1327 290 90 59 -1 -1 -1 -1 
601 35 737 311 62 74 -1 -1 -1 -1 
602 1 1328 289 70 58 -1 -1 -1 -1 
602 35 650 312 65 125 -1 -1 -1 -1 
603 1 1325 289 75 57 -1 -1 -1 -1 
603 35 533 334 63 172 -1 -1 -1 -1 
604 1 1324 295 78 45 -1 -1 -1 -1 
604 35 397 368 51 271 -1 -1 -1 -1 
605 1 1325 295 71 45 -1 -1 -1 -1 
605 35 215 493 22 589 -1 -1 -1 -1 
606 1 1326 295 72 45 -1 -1 -1 -1 
606 35 2306 -62 5 1142 -1 -1 -1 -1 
607 1 1327 295 69 44 -1 -1 -1 -1 
607 35 2208 -7 22 452 -1 -1 -1 -1 
608 1 1326 286 72 58 -1 -1 -1 -1 
608 36 971 283 34 23 -1 -1 -1 -1 
609 1 1326 285 76 57 -1 -1 -1 -1 
609 36 944 285 38 11 -1 -1 -1 -1 
610 1 1328 285 76 58 -1 -1 -1 -1 
610 36 918 286 40 12 -1 -1 -1 -1 
611 1 1331 283 74 62 -1 -1 -1 -1 
611 36 881 290 47 47 -1 -1 -1 -1 
612 1 1331 283 73 61 -1 -1 -1 -1 
612 36 839 290 49 57 -1 -1 -1 -1 
613 1 1331 280 75 65 -1 -1 -1 -1 
613 36 778 300 59 66 -1 -1 -1 -1 
614 1 1331 286 72 58 -1 -1 -1 -1 
614 36 707 311 67 87 -1 -1 -1 -1 
615 1 1330 286 65 58 -1 -1 -1 -1 
615 36 619 332 59 101 -1 -1 -1 -1 
616 1 1333 285 69 57 -1 -1 -1 -1 
616 36 501 355 53 153 -1 -1 -1 -1 
617 1 1332 282 69 61 -1 -1 -1 -1 
617 36 350 419 42 257 -1 -1 -1 -1 
618 1 1330 281 65 57 -1 -1 -1 -1 
618 36 172 678 11 554 -1 -1 -1 -1 
619 1 1329 281 66 57 -1 -1 -1 -1 
619 36 2280 -207 12 585 -1 -1 -1 -1 
620 1 1328 281 67 57 -1 -1 -1 -1 
620 36 2188 -65 20 240 -1 -1 -1 -1 
620 37 1030 277 17 10 -1 -1 -1 -1 
621 1 1320 283 70 52 -1 -1 -1 -1 
621 37 1023 281 13 10 -1 -1 -1 -1 
622 1 1331 285 66 56 -1 -1 -1 -1 
622 37 995 281 9 1 -1 -1 -1 -1 
623 1 1331 285 65 56 -1 -1 -1 -1 
623 37 984 286 28 10 -1 -1 -1 -1 
624 1 1329 291 63 43 -1 -1 -1 -1 
624 37 969 291 26 12 -1 -1 -1 -1 
625 1 1329 291 63 43 -1 -1 -1 -1 
625 37 938 296 31 21 -1 -1 -1 -1 
626 1 1317 288 70 38 -1 -1 -1 -1 
626 37 902 299 45 26 -1 -1 -1 -1 
627 1 1315 281 66 49 -1 -1 -1 -1 
627 37 871 300 50 27 -1 -1 -1 -1 
628 1 1320 288 60 38 -1 -1 -1 -1 
628 37 825 307 48 47 -1 -1 -1 -1 
629 1 1323 289 59 39 -1 -1 -1 -1 
629 37 795 313 54 52 -1 -1 -1 -1 
630 1 1319 289 59 38 -1 -1 -1 -1 
630 37 736 326 51 56 -1 -1 -1 -1 
631 1 1322 287 60 43 -1 -1 -1 -1 
631 37 649 331 58 99 -1 -1 -1 -1 
632 1 1319 289 58 37 -1 -1 -1 -1 
632 37 551 359 55 117 -1 -1 -1 -1 
633 1 1317 287 54 34 -1 -1 -1 -1 
633 37 412 398 46 206 -1 -1 -1 -1 
634 1 1316 285 53 29 -1 -1 -1 -1 
634 37 259 511 26 369 -1 -1 -1 -1 
635 1 1315 281 55 47 -1 -1 -1 -1 
635 37 2336 -664 1 301 -1 -1 -1 -1 
636 1 1313 281 61 47 -1 -1 -1 -1 
636 37 2243 -137 12 448 -1 -1 -1 -1 
637 1 1312 287 54 34 -1 -1 -1 -1 
638 1 1311 291 53 25 -1 -1 -1 -1 
639 1 1309 280 52 46 -1 -1 -1 -1 
640 1 1311 278 51 42 -1 -1 -1 -1 
641 1 1310 278 52 42 -1 -1 -1 -1 
642 1 1307 278 46 42 -1 -1 -1 -1 
643 1 1306 278 51 42 -1 -1 -1 -1 
644 1 1304 283 51 33 -1 -1 -1 -1 
645 1 1307 283 47 33 -1 -1 -1 -1 
645 38 1202 274 19 14 -1 -1 -1 -1 
646 1 1304 278 42 24 -1 -1 -1 -1 
646 38 1202 273 27 14 -1 -1 -1 -1 
647 1 1305 278 43 24 -1 -1 -1 -1 
647 38 1202 273 28 14 -1 -1 -1 -1 
648 1 1302 280 47 28 -1 -1 -1 -1 
648 38 1202 273 27 15 -1 -1 -1 -1 
649 1 1299 276 46 28 -1 -1 -1 -1 
649 38 1204 273 32 14 -1 -1 -1 -1 
650 1 1302 280 44 19 -1 -1 -1 -1 
650 38 1202 273 19 14 -1 -1 -1 -1 
651 1 1297 273 39 23 -1 -1 -1 -1 
651 38 1200 276 32 19 -1 -1 -1 -1 
652 1 1298 274 41 23 -1 -1 -1 -1 
652 38 1202 276 36 19 -1 -1 -1 -1 
653 1 1297 276 40 19 -1 -1 -1 -1 
653 38 1201 278 37 24 -1 -1 -1 -1 
654 1 1298 276 37 19 -1 -1 -1 -1 
654 38 1202 275 37 19 -1 -1 -1 -1 
655 1 1295 276 37 19 -1 -1 -1 -1 
655 38 1199 275 41 19 -1 -1 -1 -1 
656 1 1294 276 37 19 -1 -1 -1 -1 
656 38 1199 275 41 19 -1 -1 -1 -1 
657 1 1292 276 33 19 -1 -1 -1 -1 
657 38 1197 280 37 28 -1 -1 -1 -1 
658 1 1292 276 32 19 -1 -1 -1 -1 
658 38 1199 280 41 19 -1 -1 -1 -1 
659 1 1290 276 37 19 -1 -1 -1 -1 
659 38 1199 280 41 19 -1 -1 -1 -1 
660 38 1199 280 41 19 -1 -1 -1 -1 
661 1 1290 271 29 27 -1 -1 -1 -1 
661 38 1199 284 41 28 -1 -1 -1 -1 
662 1 1288 276 34 19 -1 -1 -1 -1 
662 38 1197 282 46 33 -1 -1 -1 -1 
663 1 1288 276 33 19 -1 -1 -1 -1 
663 38 1201 285 46 29 -1 -1 -1 -1 
664 38 1199 282 41 24 -1 -1 -1 -1 
665 1 1285 278 28 14 -1 -1 -1 -1 
665 38 1197 280 37 19 -1 -1 -1 -1 
666 1 1285 276 28 19 -1 -1 -1 -1 
666 38 1200 289 50 28 -1 -1 -1 -1 
666 39 1018 286 17 10 -1 -1 -1 -1 
667 1 1283 280 33 19 -1 -1 -1 -1 
667 38 1199 289 50 28 -1 -1 -1 -1 
667 39 1009 283 18 5 -1 -1 -1 -1 
668 1 1282 276 25 19 -1 -1 -1 -1 
668 38 1197 289 46 29 -1 -1 -1 -1 
668 39 999 286 16 10 -1 -1 -1 -1 
669 1 1281 278 30 14 -1 -1 -1 -1 
669 38 1199 289 50 29 -1 -1 -1 -1 
669 39 991 293 9 6 -1 -1 -1 -1 
670 1 1280 278 28 14 -1 -1 -1 -1 
670 38 1197 289 46 30 -1 -1 -1 -1 
670 39 975 291 24 11 -1 -1 -1 -1 
671 1 1278 276 23 19 -1 -1 -1 -1 
671 38 1199 287 50 24 -1 -1 -1 -1 
671 39 966 293 21 16 -1 -1 -1 -1 
672 1 1278 276 23 19 -1 -1 -1 -1 
672 38 1197 287 46 24 -1 -1 -1 -1 
672 39 955 296 26 11 -1 -1 -1 -1 
673 1 1279 276 23 10 -1 -1 -1 -1 
673 38 1197 286 46 23 -1 -1 -1 -1 
673 39 938 298 32 16 -1 -1 -1 -1 
674 1 1276 272 27 10 -1 -1 -1 -1 
674 38 1197 287 46 24 -1 -1 -1 -1 
674 39 920 299 31 16 -1 -1 -1 -1 
675 1 1276 272 28 10 -1 -1 -1 -1 
675 38 1197 291 46 32 -1 -1 -1 -1 
675 39 901 306 44 21 -1 -1 -1 -1 
676 1 1276 276 28 10 -1 -1 -1 -1 
676 38 1202 291 55 32 -1 -1 -1 -1 
676 39 883 306 40 31 -1 -1 -1 -1 
677 1 1274 274 23 14 -1 -1 -1 -1 
677 38 1197 290 54 32 -1 -1 -1 -1 
677 39 859 311 47 31 -1 -1 -1 -1 
